571,128398420,231747091,312260596,354468792,433671451,573430721,668818529,821955948,883540024,978534408,1098854507,1118838770,1174321343
570,124906063,308713501,379634856,528438902,592282605,814505397,897634320,1066960880,1118639777,1210971417,1325729404,1357172018,1411878004
570,137335431,417450380,498904683,961749998,1041737796,1303583015,1389618150,1545928624,1610180576,1680760393,1789095864,1818158544,1873521949
570,115776329,268055627,337813243,457754742,544310452,716092779,795043419,961858903,1025916993,1083526339,1187282119,1237183193,1289404332
570,137359379,334596853,427557973,517716654,600511452,821674848,909793993,1042319951,1108875432,1175634468,1298437134,1313117006,1371880969
0,128119031,258830674,344434752,454656951,536624987,691476940,787862564,961837807,1031565204,1088301603,1187719449,1235627171,1287031811
1140,116990814,220499706,306145407,368203303,440362521,593306079,679157615,815900059,873115980,942282319,1056506047,1090228243,1147173329
0,104910396,289956837,363731946,437886796,520831551,654571994,735340369,862855579,920683304,987700632,1090895925,1133780925,1185608069
570,102841210,218834779,290482544,401833131,464936739,643562945,739645804,885497454,949252208,1008070908,1099721752,1165888940,1217563276
570,118947675,230525764,317571829,395792637,465321040,633251798,727845915,876366581,932143366,1003043625,1104419471,1157761585,1205144741
570,126894283,233510660,327608149,369891039,442776096,656247755,733392062,1160284064,1231625072,1293131033,1380385214,1426914809,1480896666
570,146370515,344181021,445341909,540527873,610567159,819837156,909641185,1030107821,1100451583,1185645131,1291346368,1316010674,1369502745
570,121885245,228454867,316937217,366142670,446876265,609517456,705580928,852304385,918074728,1010583694,1138235747,1182961860,1194383720
0,120078342,234503344,327501525,397728970,462460443,635258833,720608040,878062298,941992097,1005867729,1133213025,1153927119,1214769960
571,123675043,223790790,322816351,374672004,461852632,615953086,704101880,848927776,908842363,977986464,1088169892,1129017066,1189313674
570,128502763,240795288,347298769,420045272,520505978,673226025,772164919,892485589,965572490,1042737894,1166052582,1177442512,1234141279
570,128181181,225815501,329582685,399729734,488918538,692691424,773584099,926382261,996208869,1075436046,1202743709,1216418353,1281899614
570,125415804,232257972,327159417,414541888,491150795,663350496,747131136,909053329,979152483,1068447911,1175759908,1218258896,1278763050
570,127373234,245815729,349006460,430926600,515710188,690978031,779994070,940965202,1011822126,1103774026,1228392717,1256842453,1316706864
570,129121408,255938146,359469846,456406265,535834145,764310680,859933402,1046450340,1104812895,1205391058,1327636658,1400618075,1461291003
